93
0 85 2397 269 1
0 3 2397 269 1
1 83 1467 110 2
1 2 1467 110 2
1 84 1467 110 2
2 4 2958 285 3
2 1 2958 285 3
3 0 1398 202 4
3 86 1398 202 4
3 4 1398 202 4
4 87 974 95 106
4 2 974 95 106
4 3 974 95 106
5 77 4771 217 107
5 57 4771 217 107
5 53 4771 217 107
6 54 2758 315 108
6 76 2758 315 108
7 85 2248 422 122
7 34 2248 422 122
8 81 512 100 123
8 82 512 100 123
8 9 512 100 123
9 8 3065 140 124
9 83 3065 140 124
10 22 2077 77 129
10 92 2077 77 129
10 91 2077 77 129
11 92 2079 81 137
11 91 2079 81 137
12 81 1384 79 145
12 29 1384 79 145
12 33 1384 79 145
12 32 1384 79 145
13 17 7716 298 148
13 37 7716 298 148
13 16 7716 298 148
13 15 7716 298 148
14 37 3266 168 149
14 16 3266 168 149
15 18 3161 146 153
15 13 3161 146 153
16 14 1891 80 154
16 35 1891 80 154
16 18 1891 80 154
16 39 1891 80 154
16 13 1891 80 154
17 18 3137 143 155
17 13 3137 143 155
18 17 6792 300 157
18 37 6792 300 157
18 16 6792 300 157
18 15 6792 300 157
19 22 1877 103 164
19 88 1877 103 164
19 20 1877 103 164
20 42 1156 59 165
20 19 1156 59 165
21 22 3414 117 167
21 88 3414 117 167
21 89 3414 117 167
21 70 3414 117 167
22 10 1877 104 168
22 21 1877 104 168
22 42 1877 104 168
22 19 1877 104 168
23 71 4147 155 169
23 47 4147 155 169
23 48 4147 155 169
24 71 2037 59 170
24 25 2037 59 170
24 48 2037 59 170
25 24 5384 208 171
25 72 5384 208 171
26 88 5498 185 204
26 60 5498 185 204
26 89 5498 185 204
26 70 5498 185 204
27 47 3430 116 207
27 48 3430 116 207
28 29 3094 144 215
28 31 3094 144 215
29 82 4505 202 217
29 30 4505 202 217
29 12 4505 202 217
29 28 4505 202 217
30 29 4498 187 221
30 31 4498 187 221
30 33 4498 187 221
30 32 4498 187 221
31 30 3079 132 222
31 28 3079 132 222
32 82 320 70 223
32 30 320 70 223
32 12 320 70 223
33 34 1670 156 224
33 82 1670 156 224
33 30 1670 156 224
33 12 1670 156 224
33 80 1670 156 224
34 33 835 111 225
34 7 835 111 225
35 38 5717 221 257
35 37 5717 221 257
35 16 5717 221 257
35 36 5717 221 257
36 65 2114 80 258
36 64 2114 80 258
36 41 2114 80 258
36 35 2114 80 258
36 39 2114 80 258
36 40 2114 80 258
37 14 1900 84 259
37 35 1900 84 259
37 18 1900 84 259
37 39 1900 84 259
37 13 1900 84 259
38 65 2091 80 261
38 64 2091 80 261
38 41 2091 80 261
38 35 2091 80 261
38 39 2091 80 261
38 40 2091 80 261
39 38 5761 217 262
39 37 5761 217 262
39 16 5761 217 262
39 36 5761 217 262
40 63 1494 46 263
40 38 1494 46 263
40 66 1494 46 263
40 67 1494 46 263
40 62 1494 46 263
40 36 1494 46 263
41 63 1508 50 264
41 38 1508 50 264
41 66 1508 50 264
41 67 1508 50 264
41 62 1508 50 264
41 36 1508 50 264
42 22 1151 57 298
42 20 1151 57 298
42 91 1151 57 298
43 44 2346 86 311
43 45 2346 86 311
44 43 6984 278 313
44 46 6984 278 313
44 50 6984 278 313
45 43 2361 81 315
45 46 2361 81 315
46 51 6980 272 316
46 44 6980 272 316
46 45 6980 272 316
47 23 3279 131 331
47 27 3279 131 331
48 23 4147 144 332
48 27 4147 144 332
48 24 4147 144 332
49 58 2337 115 351
49 52 2337 115 351
49 56 2337 115 351
50 51 2018 131 364
50 44 2018 131 364
51 46 2154 102 365
51 50 2154 102 365
52 55 1695 63 377
52 49 1695 63 377
52 53 1695 63 377
53 5 1183 192 378
53 58 1183 192 378
53 52 1183 192 378
53 56 1183 192 378
54 78 2789 112 384
54 77 2789 112 384
54 6 2789 112 384
55 58 746 26 385
55 52 746 26 385
55 67 746 26 385
56 77 1502 42 388
56 49 1502 42 388
56 57 1502 42 388
56 53 1502 42 388
57 5 4076 1003 389
57 56 4076 1003 389
58 55 1704 60 390
58 49 1704 60 390
58 53 1704 60 390
59 90 2674 132 402
59 61 2674 132 402
60 90 1645 55 405
60 26 1645 55 405
60 61 1645 55 405
61 59 2661 150 406
61 60 2661 150 406
62 65 1202 80 410
62 64 1202 80 410
62 41 1202 80 410
62 40 1202 80 410
63 65 7612 99 411
63 64 7612 99 411
63 41 7612 99 411
63 40 7612 99 411
64 63 1532 40 412
64 38 1532 40 412
64 66 1532 40 412
64 67 1532 40 412
64 62 1532 40 412
64 36 1532 40 412
65 63 1537 45 413
65 38 1537 45 413
65 66 1537 45 413
65 67 1537 45 413
65 62 1537 45 413
65 36 1537 45 413
66 65 1193 85 416
66 64 1193 85 416
66 41 1193 85 416
66 40 1193 85 416
67 55 7388 102 417
67 65 7388 102 417
67 64 7388 102 417
67 41 7388 102 417
67 40 7388 102 417
68 69 3241 166 422
68 72 3241 166 422
68 74 3241 166 422
69 73 4060 99 423
69 68 4060 99 423
69 89 4060 99 423
69 70 4060 99 423
70 69 1154 1468 424
70 21 1154 1468 424
70 26 1154 1468 424
70 74 1154 1468 424
71 23 4840 194 425
71 24 4840 194 425
71 72 4840 194 425
72 73 3397 118 426
72 71 3397 118 426
72 68 3397 118 426
72 25 3397 118 426
73 69 3279 192 427
73 72 3279 192 427
73 74 3279 192 427
74 73 4068 92 428
74 68 4068 92 428
74 89 4068 92 428
74 70 4068 92 428
75 79 3588 131 430
75 76 3588 131 430
76 78 1426 51 434
76 77 1426 51 434
76 75 1426 51 434
76 6 1426 51 434
77 5 2746 99 435
77 54 2746 99 435
77 56 2746 99 435
77 76 2746 99 435
78 54 1447 52 439
78 79 1447 52 439
78 76 1447 52 439
79 78 3543 139 441
79 75 3543 139 441
80 85 2836 866 442
80 33 2836 866 442
81 8 2672 300 443
81 12 2672 300 443
81 84 2672 300 443
82 8 2351 105 444
82 29 2351 105 444
82 84 2351 105 444
82 33 2351 105 444
82 32 2351 105 444
83 9 5334 264 445
83 1 5334 264 445
84 81 2442 779 446
84 82 2442 779 446
84 1 2442 779 446
85 0 1827 444 447
85 80 1827 444 447
85 7 1827 444 447
86 87 10301 383 448
86 3 10301 383 448
87 92 9815 370 450
87 86 9815 370 450
87 4 9815 370 450
88 21 3444 124 451
88 26 3444 124 451
88 19 3444 124 451
89 69 1187 109 453
89 21 1187 109 453
89 26 1187 109 453
89 74 1187 109 453
90 59 1427 34 202
90 60 1427 34 202
91 10 3790 133 126
91 11 3790 133 126
91 42 3790 133 126
92 10 6250 82 338
92 87 6250 82 338
92 11 6250 82 338